0.00 0.36 0.37 0.38 0.38 0.38 0.40 0.42 0.45 0.47 0.50 0.53 0.57
0.36 0.00 0.39 0.40 0.40 0.40 0.41 0.43 0.46 0.49 0.51 0.54 0.58
0.37 0.39 0.00 0.41 0.41 0.42 0.43 0.44 0.47 0.49 0.52 0.55 0.59
0.38 0.40 0.41 0.00 0.43 0.44 0.45 0.46 0.47 0.50 0.53 0.56 0.60
0.38 0.40 0.41 0.43 0.00 0.45 0.46 0.47 0.49 0.51 0.54 0.57 0.60
0.38 0.40 0.42 0.44 0.45 0.00 0.48 0.49 0.51 0.52 0.54 0.58 0.61
0.40 0.41 0.43 0.45 0.46 0.48 0.00 0.51 0.52 0.54 0.56 0.58 0.62
0.42 0.43 0.44 0.46 0.47 0.49 0.51 0.00 0.54 0.56 0.58 0.60 0.63
0.45 0.46 0.47 0.47 0.49 0.51 0.52 0.54 0.00 0.58 0.59 0.62 0.65
0.47 0.48 0.49 0.50 0.51 0.52 0.54 0.56 0.58 0.00 0.60 0.63 0.65
0.50 0.51 0.52 0.53 0.54 0.54 0.56 0.58 0.59 0.60 0.00 0.63 0.66
0.53 0.54 0.55 0.56 0.57 0.58 0.58 0.60 0.62 0.63 0.63 0.00 0.76
0.57 0.58 0.59 0.60 0.60 0.61 0.62 0.63 0.65 0.65 0.66 0.76 0.00